0 1 3 5 7 9 11 13 15 17 19 21 23 25 27 29
1 2 4 6 8 10 12 14 16 18 20 22 24 26 28
2 3 5 7 9 11 13 15 17 19 21 23 25 27 29
3 4 6 8 10 12 14 16 18 20 22 24 26 28
4 5 7 9 11 13 15 17 19 21 23 25 27 29
5 6 8 10 12 14 16 18 20 22 24 26 28
6 7 9 11 13 15 17 19 21 23 25 27 29
7 8 10 12 14 16 18 20 22 24 26 28
8 9 11 13 15 17 19 21 23 25 27 29
9 10 12 14 16 18 20 22 24 26 28
10 11 13 15 17 19 21 23 25 27 29
11 12 14 16 18 20 22 24 26 28
12 13 15 17 19 21 23 25 27 29
13 14 16 18 20 22 24 26 28
14 15 17 19 21 23 25 27 29
15 16 18 20 22 24 26 28
16 17 19 21 23 25 27 29
17 18 20 22 24 26 28
18 19 21 23 25 27 29
19 20 22 24 26 28
20 21 23 25 27 29
21 22 24 26 28
22 23 25 27 29
23 24 26 28
24 25 27 29
25 26 28
26 27 29
27 28
28 29
29